Cutting planes:
  Gomory: 47
  MIR: 71
  StrongCG: 12

Explored 46995 nodes (656348 simplex iterations) in 100.18 seconds (62.21 work units)
Thread count was 8 (of 8 available processors)

Solution count 4: 23336.6 23323.1 23309.6 -0

Time limit reached
Best objective 2.333664881286e+04, best bound 2.390893160359e+04, gap 2.4523%

Routes served:
!!! ESMS-ESGG-ESMT-ESMS
!!! ESMS-ESGG-ESOK-ESMS
!!! ESMS-ESGG-ESMV-ESMS
!!! ESMS-ESOH-ESMS
!!! ESMS-ESOH-ESOK-ESMS
!!! ESMS-ESMT-ESGG-ESMS
!!! ESMS-ESGJ-ESMQ-ESMS
!!! ESMS-ESGJ-ESKK-ESMS
!!! ESMS-ESMQ-ESGJ-ESMS
!!! ESMS-ESMQ-ESMV-ESMS
!!! ESMS-ESKK-ESGJ-ESMS
!!! ESMS-ESOK-ESGG-ESMS
!!! ESMS-ESOK-ESOH-ESMS
!!! ESMS-ESMV-ESGG-ESMS
!!! ESMS-ESMV-ESMQ-ESMS

~~~~~~~~~~~~~~~~~~~~~~~~~~~~~~~~~~~~~~~~~~~~~~~~~~~~~~~~~~~~~~~~~  Flow_x dataframe
       ESMS ESPA ESSA   ESGG  ESOH   ESMT ESUT   ESGJ   ESMQ   ESKK   ESOK ESNQ   ESMV ESNA ESNC
ESMS      0  0.0  0.0  382.0  75.0  230.0  0.0  230.0  191.0  115.0  115.0  0.0  152.0  0.0  0.0
ESPA    0.0    0  0.0    0.0   0.0    0.0  0.0    0.0    0.0    0.0    0.0  0.0    0.0  0.0  0.0
ESSA    0.0  0.0    0    0.0   0.0    0.0  0.0    0.0    0.0    0.0    0.0  0.0    0.0  0.0  0.0
ESGG  382.0  0.0  0.0      0   0.0  230.0  0.0    0.0    0.0    0.0   76.0  0.0   76.0  0.0  0.0
ESOH   75.0  0.0  0.0    0.0     0    0.0  0.0    0.0    0.0    0.0   37.0  0.0    0.0  0.0  0.0
ESMT  230.0  0.0  0.0  230.0   0.0      0  0.0    0.0    0.0    0.0    0.0  0.0    0.0  0.0  0.0
ESUT    0.0  0.0  0.0    0.0   0.0    0.0    0    0.0    0.0    0.0    0.0  0.0    0.0  0.0  0.0
ESGJ  230.0  0.0  0.0    0.0   0.0    0.0  0.0      0  115.0  115.0    0.0  0.0    0.0  0.0  0.0
ESMQ  191.0  0.0  0.0    0.0   0.0    0.0  0.0  115.0      0    0.0    0.0  0.0   76.0  0.0  0.0
ESKK  115.0  0.0  0.0    0.0   0.0    0.0  0.0  115.0    0.0      0    0.0  0.0    0.0  0.0  0.0
ESOK  115.0  0.0  0.0   76.0  37.0    0.0  0.0    0.0    0.0    0.0      0  0.0    0.0  0.0  0.0
ESNQ    0.0  0.0  0.0    0.0   0.0    0.0  0.0    0.0    0.0    0.0    0.0    0    0.0  0.0  0.0
ESMV  152.0  0.0  0.0   76.0   0.0    0.0  0.0    0.0   76.0    0.0    0.0  0.0      0  0.0  0.0
ESNA    0.0  0.0  0.0    0.0   0.0    0.0  0.0    0.0    0.0    0.0    0.0  0.0    0.0    0  0.0
ESNC    0.0  0.0  0.0    0.0   0.0    0.0  0.0    0.0    0.0    0.0    0.0  0.0    0.0  0.0    0

~~~~~~~~~~~~~~~~~~~~~~~~~~~~~~~~~~~~~~~~~~~~~~~~~~~~~~~~~~~~~~~~~  Flow_w dataframe
     ESMS ESPA ESSA ESGG ESOH ESMT ESUT ESGJ ESMQ ESKK ESOK ESNQ ESMV ESNA ESNC
ESMS    0    0    0    0    0    0    0    0    0    0    0    0    0    0    0
ESPA    0    0  0.0  0.0  0.0  0.0  0.0  0.0  0.0  0.0  0.0  0.0  0.0  0.0  0.0
ESSA    0  0.0    0  0.0  0.0  0.0  0.0  0.0  0.0  0.0  0.0  0.0  0.0  0.0  0.0
ESGG    0  0.0  0.0    0  0.0  0.0  0.0  0.0  0.0  0.0  0.0  0.0  0.0  0.0  0.0
ESOH    0  0.0  0.0  0.0    0  0.0  0.0  0.0  0.0  0.0  0.0  0.0  0.0  0.0  0.0
ESMT    0  0.0  0.0  0.0  0.0    0  0.0  0.0  0.0  0.0  0.0  0.0  0.0  0.0  0.0
ESUT    0  0.0  0.0  0.0  0.0  0.0    0  0.0  0.0  0.0  0.0  0.0  0.0  0.0  0.0
ESGJ    0  0.0  0.0  0.0  0.0  0.0  0.0    0  0.0  0.0  0.0  0.0  0.0  0.0  0.0
ESMQ    0  0.0  0.0  0.0  0.0  0.0  0.0  0.0    0  0.0  0.0  0.0  0.0  0.0  0.0
ESKK    0  0.0  0.0  0.0  0.0  0.0  0.0  0.0  0.0    0  0.0  0.0  0.0  0.0  0.0
ESOK    0  0.0  0.0  0.0  0.0  0.0  0.0  0.0  0.0  0.0    0  0.0  0.0  0.0  0.0
ESNQ    0  0.0  0.0  0.0  0.0  0.0  0.0  0.0  0.0  0.0  0.0    0  0.0  0.0  0.0
ESMV    0  0.0  0.0  0.0  0.0  0.0  0.0  0.0  0.0  0.0  0.0  0.0    0  0.0  0.0
ESNA    0  0.0  0.0  0.0  0.0  0.0  0.0  0.0  0.0  0.0  0.0  0.0  0.0    0  0.0
ESNC    0  0.0  0.0  0.0  0.0  0.0  0.0  0.0  0.0  0.0  0.0  0.0  0.0  0.0    0

~~~~~~~~~~~~~~~~~~~~~~~~~~~~~~~~~~~~~~~~~~~~~~~~~~~~~~~~~~~~~~~~~ Total_capacity dataframe
       ESMS ESPA ESSA   ESGG  ESOH   ESMT ESUT   ESGJ   ESMQ   ESKK   ESOK ESNQ   ESMV ESNA ESNC
ESMS      0  0.0  0.0  384.0  76.8  230.4    0  230.4  192.0  115.2  115.2  0.0  153.6    0    0
ESPA    0.0    0  0.0    0.0     0    0.0    0    0.0    0.0      0    0.0  0.0    0.0    0    0
ESSA    0.0  0.0    0    0.0   0.0    0.0    0    0.0    0.0    0.0    0.0  0.0    0.0    0    0
ESGG  384.0  0.0  0.0      0   0.0  230.4    0    0.0    0.0    0.0   76.8  0.0   76.8    0    0
ESOH   76.8    0  0.0    0.0     0    0.0    0    0.0    0.0    0.0   38.4    0    0.0    0    0
ESMT  230.4  0.0  0.0  230.4   0.0      0    0    0.0    0.0    0.0    0.0  0.0    0.0    0    0
ESUT      0    0    0      0     0      0    0      0      0      0      0    0      0    0    0
ESGJ  230.4  0.0  0.0    0.0   0.0    0.0    0      0  115.2  115.2    0.0  0.0    0.0    0    0
ESMQ  192.0  0.0  0.0    0.0   0.0    0.0    0  115.2      0    0.0    0.0  0.0   76.8    0    0
ESKK  115.2    0  0.0    0.0   0.0    0.0    0  115.2    0.0      0    0.0    0    0.0    0    0
ESOK  115.2  0.0  0.0   76.8  38.4    0.0    0    0.0    0.0    0.0      0  0.0    0.0    0    0
ESNQ    0.0  0.0  0.0    0.0     0    0.0    0    0.0    0.0      0    0.0    0    0.0    0    0
ESMV  153.6  0.0  0.0   76.8   0.0    0.0    0    0.0   76.8    0.0    0.0  0.0      0    0    0
ESNA      0    0    0      0     0      0    0      0      0      0      0    0      0    0    0
ESNC      0    0    0      0     0      0    0      0      0      0      0    0      0    0    0

~~~~~~~~~~~~~~~~~~~~~~~~~~~~~~~~~~~~~~~~~~~~~~~~~~~~~~~~~~~~~~~~~ demand_df dataframe
            ESMS  ESPA  ESSA  ESGG  ESOH  ESMT  ESUT  ESGJ  ESMQ  ESKK  ESOK  ESNQ  ESMV  ESNA  ESNC
Unnamed: 0
ESMS           0    83   413   405    75   235    16   231   192   133   127    53   153    33    21
ESPA          83     0   157   111    27    53    10    65    51    46    43    35    40    17     9
ESSA         413   157     0   570   148   269    30   351   273   268   236    96   211    64    41
ESGG         405   111   570     0   113   313    22   374   232   203   198    70   225    45    29
ESOH          75    27   148   113     0    50     6    66    47    59    62    17    39    12     8
ESMT         235    53   269   313    50     0    11   169   120    90    86    33   114    21    13
ESUT          16    10    30    22     6    11     0    13    10     9     9     6     8     4     2
ESGJ         231    65   351   374    66   169    13     0   149   125   116    41   163    26    17
ESMQ         192    51   273   232    47   120    10   149     0    85    78    32    97    20    13
ESKK         133    46   268   203    59    90     9   125    85     0   105    29    72    19    13
ESOK         127    43   236   198    62    86     9   116    78   105     0    27    67    18    12
ESNQ          53    35    96    70    17    33     6    41    32    29    27     0    25    11     6
ESMV         153    40   211   225    39   114     8   163    97    72    67    25     0    16    10
ESNA          33    17    64    45    12    21     4    26    20    19    18    11    16     0     5
ESNC          21     9    41    29     8    13     2    17    13    13    12     6    10     5     0

Aircraft count:
 - AC_1 : 0
 - AC_2 : 0
 - AC_3 : 0
 - AC_4 : 0
 - AC_5 : 2

Total flow: 4430.0
Total capacity: 4454.400000000001
Total demand: 19392

Spillage: 14942.400000000001
Spoilage: 4.800000000000068

Unreachable airports: ESPA, ESSA, ESUT, ESNQ, ESNA, ESNC
 - Demand ESPA : 747
 - Demand ESSA : 3127
 - Demand ESUT : 156
 - Demand ESNQ : 481
 - Demand ESNA : 311
 - Demand ESNC : 199
Unreachable airport total demand: 5021